.Random.seed <-
c(403L, 10L, 121626534L, -281747152L, -793445421L, -2069683727L, 
-787060960L, 110506430L, 1656226249L, 1264776571L, -217603254L, 
314647468L, 1525402287L, 1782249573L, -1793574884L, 1122752114L, 
60352749L, -805263065L, -2045455026L, -1060276824L, 922571179L, 
1363487433L, -2140988712L, -993810554L, 70335073L, 1812194291L, 
150042210L, -225537836L, -1140794921L, 1410288589L, -959299740L, 
-1724028086L, 954235573L, 1613629967L, 115575574L, -2054167104L, 
-1202702973L, -763921503L, -386776176L, 859922542L, 1052157465L, 
748324523L, -1010484582L, -1295964580L, 61059935L, 2006314293L, 
304798924L, -767597022L, -377644931L, 692167031L, -151204194L, 
-1697989288L, -1550029637L, -261713319L, -2081981976L, -1925448682L, 
-1100134511L, -8927165L, 404189010L, 1099846628L, 932276775L, 
1368793725L, 677387124L, 1761785690L, 1127199141L, -1508790849L, 
2051804742L, 571907280L, 1922545395L, 2079846417L, 1468937792L, 
2130860574L, 1727747305L, 373300763L, 1552096810L, 984727884L, 
-1244665073L, -1696498107L, -262764548L, 739876434L, -1233124403L, 
-1991201401L, 78538862L, -789483448L, -1365179829L, -615702615L, 
39481080L, -366466522L, 689324865L, -325981997L, 1297370242L, 
255617716L, 1741995575L, 1717298477L, -876097980L, -843902102L, 
-850870315L, 1440999791L, 1001137270L, -582357088L, 1678735459L, 
-1703518975L, 1401319536L, 550312974L, -1017070471L, 1569147915L, 
-536844998L, 1365161020L, -1288633473L, -2066886443L, 1604461804L, 
-1869398462L, 1575948701L, -581352425L, 175675774L, -1911767240L, 
-312412133L, -535660167L, -421781560L, -1827109898L, -182659535L, 
-1796640669L, -455356366L, -932729468L, 1257051079L, 2032719517L, 
241106452L, 78939322L, -1456672507L, 702051039L, -185983130L, 
-1209043216L, -653423085L, 1359300529L, 696160864L, -776720386L, 
200548233L, 1771714747L, -920570742L, 1632814956L, -690580241L, 
236191525L, -1675531812L, -832841806L, -1385242963L, -1745103257L, 
1762108814L, -1881943448L, 126291563L, -269195255L, -410773864L, 
-124857914L, -1336671967L, 396464563L, 341175586L, 1588905748L, 
-1393639529L, 327868301L, 1908499108L, -32936822L, -1493826827L, 
209560911L, 29553238L, -909717248L, -600972221L, 1329309665L, 
197461840L, 726268334L, -2006239399L, 561200491L, -1938299686L, 
878013852L, 2129203615L, 117027829L, 1403134604L, -227842206L, 
-456321219L, -1886801993L, -1400636322L, 515699096L, -1429973765L, 
-1849679719L, -1591602904L, 1292773334L, -1382431663L, 221409027L, 
-252172654L, 1007117348L, -1828361497L, -652443843L, -1991737420L, 
-1843469286L, 1291911013L, 1238295039L, 566865030L, 1738944528L, 
-1435798861L, 1286893905L, 1608831232L, -755412002L, -1796702167L, 
-1203742757L, -109083414L, 985621132L, -1782612529L, 482619781L, 
-1476523460L, -3051758L, -506866675L, 973889351L, 1486544174L, 
-1656103800L, -288257653L, 1706594665L, 786324280L, 2098693606L, 
-1117986431L, -2136738541L, 1146516162L, 1444535668L, -392864393L, 
1689937517L, 347531524L, 442235946L, -165195371L, -175503825L, 
-1347738826L, 1599363936L, -312712797L, -1064868416L, -1593220292L, 
22803600L, -515325150L, 857902600L, 1598762252L, -158878308L, 
1874255378L, 92998528L, 148161300L, -1555746520L, 1215081530L, 
2044324816L, 766771820L, -80725452L, -1536165230L, 654794080L, 
-2005980852L, -362145824L, 108484002L, 2050547112L, -1168513396L, 
-1427890756L, 2015129202L, -1794302992L, -1240385980L, 282450008L, 
30922810L, 238258288L, -302942148L, -701081324L, 1041629890L, 
-873115936L, -670070660L, 1920921296L, -1498302046L, 754741288L, 
1695259404L, -1014017604L, 1863021362L, 1614740160L, -1326693324L, 
-1273751864L, 267703482L, -999016816L, -679620884L, 1907657300L, 
1225597586L, 1814642976L, -921728564L, 2008957664L, -1546340158L, 
647967784L, -313575508L, 1358717628L, -1745146894L, -2062774736L, 
1372768164L, -1888473672L, 281012058L, -470519664L, 1358668668L, 
-58322668L, -1959794366L, -903894784L, 933801404L, -1465710256L, 
1219086626L, -368516536L, 1526687756L, -2035423652L, 781306322L, 
-96227840L, 1184595284L, 2031783144L, -953497350L, 41303760L, 
228412204L, 71100660L, -894541422L, -220355232L, -639003636L, 
1197706464L, -824610206L, -1536629592L, -83786676L, -88539268L, 
-1374439118L, -1506278800L, 919155524L, -2044314664L, 739994490L, 
428611632L, -1704427588L, 2018708052L, 1379692610L, -526031200L, 
-72670532L, -937204784L, -871885470L, -1079951640L, 1699929292L, 
68237820L, 1503174130L, 68492416L, 740776436L, 1934041736L, -1406395590L, 
-2035227312L, -826186644L, -732746348L, -2050267054L, -689840672L, 
-1652173620L, 1058184864L, -1531498110L, 1507819752L, -344167700L, 
497720636L, -798840718L, 735478384L, -1716364764L, -831535048L, 
1665153306L, -1091640112L, 1999345980L, 945042324L, 66090882L, 
575515584L, -2127219140L, 47776144L, 1777838114L, -1875809016L, 
-1771403124L, -1849536740L, 43900050L, 272190848L, 1356083220L, 
1958962984L, 1543276090L, 1981827536L, -1517493908L, 194534324L, 
-1964412398L, -1363953696L, -1680795188L, -390604576L, -1052453854L, 
1739815720L, -346248692L, 1660736316L, 1083500530L, -1907580176L, 
14592580L, 99653208L, 325334842L, -1592690704L, -159823172L, 
638313748L, 442379458L, -1993077664L, -396993156L, 1098620880L, 
347310370L, -134353240L, 2116820876L, 1678279868L, 1483027250L, 
1992447552L, 233354420L, -573289400L, 28904890L, -1669596656L, 
-497808148L, 453570900L, -653944046L, 337429920L, 2144203468L, 
1949436512L, -700258366L, 387900200L, 974143916L, 1637299516L, 
1681474418L, 1918223664L, 538566436L, 1159161144L, -368965926L, 
624924560L, -177970436L, -1999242348L, 1511048258L, -1370829568L, 
525828156L, 1019972944L, 1774089378L, -1213498552L, -1105711348L, 
1834594012L, -2020210862L, 1900627584L, 1463152724L, 418595816L, 
434481914L, 1388006736L, -664299732L, 681347956L, 1778811794L, 
-1020474784L, -712388724L, 571692896L, 1298136034L, -1684894808L, 
920857804L, 217631228L, -1371861070L, -1836769808L, 726089156L, 
646918488L, 1761199482L, -382296656L, 766624700L, 71985236L, 
-991305790L, 1313871904L, 1539174588L, 1289755216L, -1564274461L, 
669403108L, 1671864082L, 1990640359L, 1710630065L, -101546250L, 
-320958188L, -226802139L, 2018843439L, -1282978584L, -953356858L, 
-192406413L, 591623893L, -1334752078L, -1209286528L, 267496553L, 
1974335707L, 1403759660L, -127183814L, -533691665L, 408042873L, 
2122379790L, -2139962404L, -1016189875L, -1733853257L, 1405706560L, 
641632286L, -1525170453L, 217263725L, 1445508826L, -716036456L, 
-1231123199L, -1913245005L, 2070609364L, 270228706L, 1477916023L, 
929131713L, -2009870266L, -2145722492L, -214927051L, 1711073055L, 
1009896056L, -1164964010L, -1202721309L, -1993129051L, 907342402L, 
386150448L, -1083849639L, 112277963L, 52492860L, 1766749290L, 
360097439L, 596896553L, 1709516734L, 1389287084L, 121412605L, 
-1684917433L, -1695960016L, -1193700018L, -470495877L, -1040909603L, 
-2110604534L, -725075416L, 2015490705L, -485707133L, -1768574076L, 
-1016768078L, -512932089L, -1682750127L, -2110927658L, -469358156L, 
-90882619L, -312840945L, -1912325240L, 1026237094L, 1372779091L, 
124476341L, -1467963118L, 1092008672L, 142896969L, -1902034565L, 
726805580L, 420351450L, 967552975L, -1184755303L, 660857262L, 
-500785476L, 344985389L, -1437291305L, -1991453408L, -1518910850L, 
-805172149L, 916692557L, 2046870650L, 633447608L, -613364127L, 
-1432734701L, 473481780L, -1645730750L, 1492917335L, -1122142303L, 
-1248720794L, 1662439524L, -782570603L, 371465407L, -78607272L, 
182040694L, 972793987L, -476542779L, 726435298L, -1721242544L, 
1578747257L, -1396557141L, 206004764L, 1832369482L, 868558143L, 
1865327497L, 322083742L, 636451404L, 222370845L, 1639364007L, 
1761822928L, -144614802L, -1171847909L, -289964419L, -1855222678L, 
2068461832L, -892555855L, 1813613091L, 2026319652L, 268015570L, 
-1341869017L, -1373999503L, 880137398L, -405302188L, -1652675355L, 
1835702511L, -1162146776L, 204847238L, -1001471309L, 1616167957L, 
1221187186L, 304370368L, 1650702121L, -706071141L, 1443959404L, 
-1183529350L, 405485487L, 1123553977L, 688192718L, 57251356L, 
